46.48997341502797
45.80903798883612
46.218714627352625
46.72433176907626
48.550667155872695
47.0500769181685
48.720111500133164
47.616470857100055
48.400760650634766
48.60221637379039
50.05827470259233
48.681359030983664
48.764391985806554
50.57449080727317
49.67934452403676
49.1707236550071
49.175157893787734
48.58356822620738
48.629437706687234
48.186770005659625
46.30112804066051
47.551583376797765
50.55397484519265
47.466802250255235
46.26850058815696
46.311269760131836
45.59200755032626
46.38340273770419
48.26182868263938
45.22286155007102
45.64591737227006
47.6244721846147
47.487258044156164
47.73129844665527
46.59173393249512
47.947322151877664
46.362884521484375
47.10404031926935
45.65154682506215
46.75624656677246
46.38359381935813
47.545842604203656
50.10469835454767
47.06642809781161
46.791446859186344
47.23715192621405
49.48623258417303
50.928773706609554
52.3333740234375
49.512744730169125
51.616037888960406
51.14619827270508
50.28117648037997
50.202403502030805
50.08820360357111
52.197782343084164
51.1781080419367
50.46863347833807
51.47525197809393
51.610074823552914
50.235349134965375
50.71187695589933
50.96305535056374
48.96662295948375
49.587237271395594
49.64029797640714
51.120366529984906
50.67867573824796
52.759893070567735
51.94764778830788
53.20053620771928
52.68055655739524
54.72541566328569
53.68604278564453
51.74508632313121
53.30657213384455
52.08218626542525
53.676273345947266
53.88825607299805
54.14228196577592
57.962745666503906
56.91774715076793
59.33584421331232
58.52348015525124
58.19340827248313
57.83988571166992
57.49283357100053
56.00506730513139
58.79223216663707
56.21877878362482
59.22385996038263
60.11429075761275
63.23837314952504
64.37839716131037
64.03095210682262
62.62702005559748
65.68130562522195
65.57676800814542
65.59131206165661
66.54591057517312
65.86501589688388
68.75450585105203
66.51248723810369
65.80764666470614
66.04696551236239
66.4357840798118
65.64384391091086
65.77795202081853
63.106510855934836
64.51796167547053
62.929630279541016
63.23259214921431
60.903649763627485
63.238670349121094
62.94624467329545
61.733852039683946
61.651473652232774
62.10527662797408
61.12844501842152
61.38099913163619
59.72813519564542
60.50752917203036
62.55416349931197
63.35793165727095
63.15542637218129
62.079186873002485
61.759051236239344
61.4773396578702
61.941788066517226
62.35090533169833
62.82653877951882
61.67646720192649
60.02894124117765
60.095735723322086
61.406415072354406
59.170257568359375
61.330303538929336
57.22987677834251
59.479670784690164
60.66193181818182
62.60318998856978
59.78683298284357
59.86355209350586
61.46578181873668
58.93417618491433
61.12720628218217
61.25202629782937
59.621292461048476
60.00878247347745
59.47003312544389
60.55219199440696
60.15189188176935
58.53698643771085
60.438440496271305
58.58853981711648
60.76144860007546
57.9149582602761
59.87319113991477
58.8238130049272
62.519615173339844
57.7812666459517
58.1867710460316
57.564997933127664
57.35968572443182
57.56330559470437
56.330566753040664
60.20538122003729
59.79043960571289
59.8599888194691
57.80957655473189
56.72202266346324
57.96263053200462
59.556394750421696
59.163393540815875
58.20570893721147
58.02084177190607
57.76351963390004
57.343534296209164
59.64521720192649
57.78405484286222
59.020694039084695
58.79248185591264
58.98637875643644
62.02470710060813
59.22257059270685
60.521325544877485
60.23609161376953
61.50412958318537
60.34477476640181
61.80758285522461
62.430177515203304
62.758990894664414
63.5284950949929
60.61030994762074
60.33391987193715
62.29824031483043
58.841496207497336
65.34707676280628
65.90298635309392
69.02265964854847
66.15675908868963
67.44921944358133
68.67705952037464
71.5339452570135
73.09476332231002
74.7412064292214
75.21611161665483
74.6011567549272
74.25513943758878
76.04849624633789
74.45589863170277
75.45952536843039
79.29971313476562
73.09720195423473
74.70099258422852
73.34532928466797
72.90276648781516
70.11085232821378
69.83298596468839
69.22400283813477
68.872614773837
67.80265287919478
67.96175107088956
67.43035368485884
72.82162510265003
72.25574389371005
74.3433837890625
72.24644400856711
72.28131970492277
73.66465135054155
70.63402592052113
72.52987566861239
74.22279635342684
71.44643575494939
73.15689572420987
73.64288538152522
75.71121389215642
76.80617384477095
77.06554586237127
78.296180378307
78.0933671431108
76.66107559204102
76.00177834250711
74.70116251165217
75.51743212613192
72.98584261807528
71.5058461969549
71.09870286421342
76.46807514537464
71.38487208973278
73.01122387972745
72.54392901333895
73.58061218261719
72.33706491643733
75.36264419555664
70.7639045715332
70.82602102106267
69.60933442549272
65.86760919744319
67.10468153520064
66.9684382351962
64.51136051524769
65.05484598333186
64.31390831687234
65.29247942837802
62.7178708856756
65.1904955777255
63.229755054820664
62.127864144065164
61.62331494418058
59.398100419477984
62.55107116699219
62.11725200306285
59.8062388680198
59.097416617653586
58.49957708878951
59.07045537775213
57.03803738680753
53.84607328068126
56.823610132390804
55.743531703948975
57.33647866682573
54.9309362931685
57.55010362104936
57.6619345925071
58.965425664728336
58.38492965698242
56.965833317149766
57.67745867642489
56.94455302845348
58.20592151988637
57.20412878556685
55.296592712402344
55.07419083335183
55.6749869259921
55.49939658425071
53.74878363175826
55.190154162320226
56.62653871016069
55.994157097556375
53.2285402471369
56.1013877175071
53.574962095780805
52.59439399025657
53.46098639748313
51.60553030534224
54.93966015902433
53.14414353804155
56.135527177290484
53.05443711714311
53.74101812189276
53.59168399464
52.10807314786044
51.83937696977095
52.20128111405806
52.496328527277164
52.250578273426406
53.093443783846766
53.821225599809125
54.118528539484196
51.72266457297585
53.55697285045277
52.62836126847701
53.55864923650568
51.81132264570756
52.231219204989344
49.36709872159091
52.69776084206321
51.777546189048074
51.80042700334029
52.970826929265804
51.40340163490989
52.52220968766646
51.219566258517176
52.08169850436124
53.559412479400635
51.97793011231856
52.878736626018174
51.27937117489901
52.32805555517023
53.112124096263535
51.83345348184759
50.211808768185705
49.60717300935225
49.24304121190851
49.00132348320701
46.5522857579318
48.84209190715443
52.48795834454623
51.41982334310358
52.713631109757856
51.93046149340543
55.62828930941495
55.202722029252485
54.65772750160911
55.414879582145
56.57442183928056
59.26948686079545
59.35426209189675
61.03743501143022
58.29158314791593
57.71465362202037
59.084984432567246
59.51862647316673
59.252098603682086
57.6967942497947
61.02870186892423
60.440265135331586
55.71481063149192
57.009624004364014
57.42376917058771
55.85958316109397
56.670260884545065
58.01283962076361
55.648863705721766
56.5525486686013
58.4599593335932
56.95634473453868
59.887922677126795
58.749850273132324
58.55318355560303
61.18503869663585
60.13551217859442
60.3553541356867
60.431151996959336
61.525047995827414
63.42151529138739
61.24094234813344
63.370455048301004
63.90889982743697
64.23399266329679
61.86863578449596
59.14067446101796
62.0541015104814
66.14222110401501
62.92683536356146
60.27325044978749
60.80003395947543
59.47211621024392
62.469305298545144
61.480003963817246
61.549116828224875
59.89314742521806
60.8245983990756
59.115853786468506
59.27761320634322
57.16481676968661
60.55830539356578
58.403166857632726
57.4754002311013
56.4149806282737
57.073591058904476
56.9740047454834
56.42672001231801
56.09115990725431
57.835810227827594
58.006769700483844
58.06681234186346
60.62076048417525
60.99137878417969
62.22391475330699
62.932391773570664
62.804745414040305
62.86637566306374
60.64255090193315
60.66061019897461
62.21273422241211
62.848255677656695
60.50931375676935
60.99046325683594
60.71268515153365
59.13641582835805
58.21078994057395
59.42165114662864
60.24362841519442
58.00952581925826
55.530277425592594
55.47189937938344
55.53478570417924
54.97494697570801
53.4796199798584
54.54254878651012
54.026221708817914
55.51259925148704
57.47642274336381
57.64166190407493
59.525544773448594
56.60063483498313
55.500178597190164
56.243290120905094
56.221473693847656
55.09738818081942
57.59267997741699
57.38901051607999
54.57395501570268
51.825058156793766
52.84951210021973
50.45340711420233
52.55138449235396
54.519629218361594
54.347408814863726
54.76839412342418
53.669175061312586
54.523549513383344
56.45027004588734
53.881676240400836
52.786463650790125
55.96355923739347
53.3446251262318
55.75128746032715
54.5660474950617
55.75178666548295
54.36474774100564
54.44681167602539
52.918805382468484
52.781429810957476
53.24786810441451
54.392715800892226
53.24412710016424
55.02251156893644
54.10465075752952
54.41214110634544
56.03935059634122
55.58259755914862
54.13810556585138
56.361078695817426
57.3204964724454
55.69580372897062
56.25864575125954
54.05378697135232
53.89768851887096
54.078017321499914
52.45176211270419
53.28246948935769
55.71055472980846
54.49345033819025
54.25114354220304
55.26885769583962
53.615891716697
53.91196953166615
53.68884155967019
52.920584418556906
52.68766047737815
56.71722758900035
57.16517951271751
56.061749545010656
55.470044742931016
55.599061012268066
54.28448356281627
54.91331585970792
55.6194953918457
58.19884196194735
59.80271894281561
58.422101801091976
62.408822146329015
58.60564119165594
58.43315878781405
58.301939184015446
58.79122647372159
57.1574090610851
57.63227029280229
59.03647249395197
57.561412291093305
59.446548288518734
58.803597710349344
60.02282974936745
57.54141686179421
57.87204031510787
57.603776238181375
60.355920965021305
59.02749373696067
57.60945909673517
56.45197278803045
57.287959185513586
57.724434245716445
55.05354465137828
54.69216086647727
54.537734118374914
60.18721875277433
59.524253845214844
60.539394031871446
60.75203947587447
61.490412972190164
61.52197178927335
58.76866774125533
61.887404528531164
62.62648426402699
60.107863512906164
56.35129460421476
58.95562813498757
60.222925359552555
60.68349196694114
59.55636405944824
61.16807694868608
60.56450202248313
62.017607948996805
62.025015050714664
72.56974705782804
76.67184066772461
72.53631834550337
73.82725420865145
69.50499898737127
71.2994872006503
69.67625184492631
69.30030025135387
66.63021365079013
62.17924083362926
62.78498979048295
64.53291632912375
65.64180582219905
59.37870129671964
61.22834500399503
56.96575875715776
59.37017822265625
59.36576843261719
61.29320439425382
59.662208036942914
61.88557156649503
56.86247166720304
60.690311431884766
60.797307447953656
59.86041883988814
62.37180640480735
61.82229926369407
58.78660860928622
60.629307833584875
61.688919414173476
61.67057488181374
60.52715717662465
61.91113766756925
62.659699179909445
62.01074288108132
63.78148339011452
67.95584279840642
65.01090830022639
67.9565131447532
66.91670781915838
66.63581397316672
67.32912306352095
65.74586729569869
63.87060824307528
64.1826900135387
60.945750669999555
63.52778764204545
61.763635115189985
62.847638216885656
60.28374827991832
60.5898042158647
59.53788375854492
58.05794906616211
59.77220639315519
57.20290686867454
59.70475110140714
56.9661733453924
55.06246081265536
55.22126145796342
52.912884105335586
52.93567033247514
52.1767990805886
52.24093801325018
50.27678229592063
51.08076997236772
49.15434299815785
48.2740873856978
48.352880304509945
50.48193636807528
47.98874837701971
47.75529549338601
47.69951317527077
47.097627813165836
45.30708798495206
45.879517641934484
44.82790045304732
45.72599549727006
44.598513863303445
44.049291437322445
44.74299760298295
42.649478392167524
41.910701751708984
41.87764219804244
40.05790276960893
40.20928365534002
39.90519246188077
39.788674961436875
39.37569531527433
37.58949158408425
37.46023022044789
37.12191512367942
36.849499615755946
37.69705807078969
36.381310029463336
35.12217695062811
35.75065716830167
