26.052068190141156
26.416754722595215
28.960233081470836
29.371538682417437
30.00414414839311
29.46039355884899
30.040963779796254
28.382216280156914
29.204494216225363
29.88646697998047
28.928701314059172
29.701948339288887
31.00866074995561
29.934182253750887
33.22705780376088
31.600644371726297
33.1906233700839
31.889353492043234
31.98418764634566
31.573583949695934
31.14029563557018
31.943425178527832
30.91794421456077
32.076323162425645
30.88221654024991
31.083926634355024
31.45819447257302
31.255618702281605
31.559110207991168
30.48501274802468
29.965849789706144
29.741284110329367
31.312341603365812
31.43191034143621
30.789666696028277
30.542742469094016
31.63863892988725
31.02805995941162
31.415195985273883
31.046815958890047
30.088808579878375
32.28393051841042
31.80398550900546
31.067095323042437
30.633731321855024
30.225052400068805
30.337307409806684
29.85842158577659
30.047012502496894
29.210980328646574
28.485600644891914
28.69693357294256
30.310974034396086
29.611662604592063
29.255784294822
28.65236421064897
28.824098760431465
30.487720532850787
30.68261515010487
29.019116835160688
28.981536995280873
28.471121354536578
28.218497623096813
28.180213494734332
28.084714152596213
30.083888487382367
30.14598460630937
31.07195281982422
32.521655256097965
33.16640333695845
31.801627592606977
32.834510976617985
33.17388794638894
32.35634430972013
31.58371994712136
32.784405795010656
33.92348592931574
32.323504881425336
31.627523508938875
31.272103222933683
30.79398250579834
30.896954102949664
30.773460561578926
31.257478367198598
30.264432213523172
32.690491849725895
31.25483972376043
33.331245769153945
32.018886132673785
32.32313052090731
33.64733193137429
32.732160394841976
34.00393728776412
33.71659721027721
33.661967277526855
33.008061235601254
31.90174727006392
33.78915847431529
33.55966784737327
33.52682330391624
32.6604135686701
32.341936978426844
32.34369286623868
33.018523476340555
31.71449695933949
33.937864390286535
33.60476077686656
32.69594678011808
34.69242165305398
34.14713668823242
34.09228637001731
32.88062112981623
31.4798996665261
31.875403837724164
32.38834502480247
32.480883078141645
31.89650110764937
31.36202959580855
33.1483905098655
31.749050573869184
31.18640492179177
32.28544902801514
30.866469730030406
31.58014219457453
29.612937927246094
30.74759882146662
31.214472510597922
30.67260603471236
31.327520457181063
31.98352961106734
31.12519038807262
32.419823213057086
30.622214230624113
31.78247833251953
30.63431895862926
30.467070839621805
30.99452816356312
31.055411252108488
30.347945820201527
31.40158566561612
30.60155539079146
30.989458257501777
31.566191933371805
29.87963685122403
31.195382551713422
30.1649602543224
30.39252385226163
29.158673546530984
29.82991990176114
29.501615524291992
30.308761423284356
29.845082413066518
29.931390935724433
28.455179821361195
28.620227206837047
31.02534883672541
29.95643598383123
30.233961798928
29.372053319757637
29.9102238741788
30.102101152593438
29.688864014365457
28.48065606030551
30.44265417619185
28.31585996801203
30.672705737027254
29.617985985495828
29.908459316600453
31.090988852761008
33.08908592570912
31.939244270324707
31.14914946122603
32.03770516135476
31.910621816461738
30.416685711253773
30.6959434856068
30.65605423667214
30.820831125432793
30.446809855374422
30.109021707014605
29.316529100591485
31.078709168867633
31.27469721707431
31.175193179737438
33.899651527404785
31.893630201166328
31.46199469132857
31.011492295698687
30.5992319800637
30.98482322692871
30.478912700306285
29.61216753179377
30.330765290693805
29.916656494140625
30.249292633750223
