0.1815782431513071
0.34925780532991185
0.5918499420524812
0.5519782116307932
1.1743232479282455
0.4983296613482868
1.0049264565402387
1.2650518845401557
1.2342947405927323
0.9406965713874966
1.1754939665689188
1.6802046918401532
2.410961278513366
1.2049022651478356
2.4257610510377323
2.2391707441386055
1.9337580832196217
1.574855613065701
-0.7993086883250404
0.462760499587246
1.0475792446557213
1.1419939594525916
0.22894005915697882
0.6573060984705009
0.612190001151141
0.6358057666642993
0.06362535147105947
1.2551423656005485
0.5958594270780975
1.3257187996424882
1.493282381810394
1.1719776123177772
0.8528789328593834
-0.2210118244676029
0.24927943886495105
-0.14215300597396552
0.6665547186253118
1.9237479649338067
0.3429030174133824
1.7395084441876878
1.643277546938728
2.2578528605255426
2.0950173256444
2.386081042242985
2.9878081784528843
2.402879120088091
3.2662799860916887
2.4743916520885394
3.013890507174473
0.6860236209981582
2.43534255027771
2.297140259368747
4.66460156323863
3.0125843450134875
4.019548418475132
4.366836276708865
3.991889049025143
4.965199715950909
4.438226100276498
5.116302680735495
6.35302503786835
5.454574472763959
5.538508349773931
6.797880170392055
7.156416953778734
6.39832294922249
7.065977676242006
7.051793652422288
6.657380127439312
5.058595110388363
5.785437883115282
5.847168403513291
7.177197566219404
6.722718865263696
5.677061917735081
7.448157354897144
8.342276044920379
6.873406573837879
6.790572320713716
8.366823607800054
9.54365674420899
7.767967939376831
6.733913437992919
7.552696368273566
7.207822110138688
7.329909060515609
7.222376257765527
7.489188376594992
7.1846865766188674
8.427699229296516
9.76763110184202
8.609718879063925
8.038874485913444
7.767618212045408
7.855116338122125
7.242235209427628
8.421500972673005
6.970255297773025
7.34132204803766
6.666335807127111
6.572820808373246
6.069314019352782
6.161013369466744
6.413488967745912
7.353576337589937
7.548576476527195
6.849475308960559
7.504208328677159
8.394451033835317
6.952170816122317
8.047900651015487
7.618648360757267
7.861816770890179
8.17634013821097
7.711008843253641
7.644966882817886
7.91977139080272
9.482182334451114
10.878626631755456
9.271025414560356
10.056850505810157
8.714875616279302
9.088368962792789
6.324575447568707
6.4801549444011615
6.858355194914575
8.159664502330855
7.133390407936246
7.395152582841761
8.243484735488892
7.045017060111551
8.607466477973789
10.452840898551193
9.300806856622883
13.280397751752067
11.967771731170954
11.581969569711124
11.357532524595074
11.330416740155687
10.710951847188612
10.230340929592357
10.338637971410565
10.437251221899892
10.405112523658604
10.067096808377434
10.146135512520285
13.072347996281643
13.55761864606072
14.142215840956744
13.663953126645556
12.625869101169062
12.49604746874641
14.526951897378062
11.677466144748763
11.777424026938046
11.479002746881223
14.375925615722059
13.71806577607697
13.071893514371386
13.501949272903742
12.987022979586731
12.411183389962888
12.03030467968361
12.291003143086153
12.652664983973784
12.55174952394822
12.903979946585263
12.536305605196485
12.668370560103773
15.44044195436964
13.930560369117588
14.224719323363958
15.212620496749878
14.848044096254835
14.623243448781032
15.406693150015439
15.590310956917557
14.816649343453202
15.264419854856005
16.076540348576565
15.461731331021179
15.029098183501
15.3069343660392
16.009492532879698
15.754914470747405
15.771214896557378
17.514685541975734
16.502557254305074
17.30965643303067
16.898246031181486
16.925070528890572
16.09577116311765
14.94821138007968
15.156507730484009
14.305241210787903
14.57789402849534
13.217905250250125
14.99323379759695
14.968984650630578
15.66914504182105
14.56140731830223
14.330194089926925
15.328259986989638
14.302832902646532
13.414026157528747
13.132950446184944
13.145252742019354
14.413735029744167
14.56017094967412
14.216678694182752
14.375816920224358
15.562542013093537
12.687490902695002
11.828886321946687
12.599002127553902
12.322350099974988
12.34446018817378
11.87972404910069
12.339097284803204
11.806487261080274
11.918454806009928
12.452183573853736
13.339837971855612
12.635327385921105
19.073087402418547
13.267960585799871
12.46132012909534
13.647080318600525
13.757622868407006
14.265498853197284
13.236598183127011
13.509416767195159
13.229956720389572
13.248452635372386
12.971200251111798
12.188048905017329
11.423483222138648
12.162214166977826
12.99833589441636
13.648336803211885
11.970123019872927
11.564339581657858
13.436636214162789
12.319584837146834
14.694126260046865
12.847123538746553
11.686689676022997
11.451040698032752
12.275190203797584
11.445969319811054
11.008599169114056
10.092926399380554
9.264402202531404
10.725536187489828
8.300167382932177
7.6646752263985425
7.317099346834071
8.338872198965035
7.590471996980555
8.288330377316942
8.036958226970597
9.649968128578335
8.351406826692468
8.198189791511087
7.506065378002092
11.563435638652129
9.370236845577464
11.223177704156614
11.236332528731403
12.371703718222824
10.300030764411478
12.579031093447815
11.4802581095228
11.384944597880045
10.953310424206304
10.902247728085985
11.248102103962617
11.113754599702125
11.52548023298675
10.851208677478866
14.714719660141888
15.93929796592862
11.412092208862305
10.084654976339902
11.526643192066865
11.616742059296252
13.221007534101897
12.254019550248689
10.95251064674527
11.61377067191928
12.226859448002834
11.685053488787483
10.612093495387658
12.959239099539962
12.302988014969172
10.982081974253935
11.698787745307474
12.466502657123641
16.001815122716568
14.29902370303285
14.766720192105163
13.369370871899175
13.739281224269494
14.196651870129156
14.767373028923483
16.01560458014993
17.49910369573855
18.29279957565607
16.516240774416456
16.200688493018056
16.214141378215714
15.725585077323165
17.704545787736482
16.583217863943062
15.78393284479777
14.659844959483427
17.270345968358658
16.89669844683479
16.301943591996736
17.022037393906537
16.93535810358384
16.482794294170304
17.092929765289906
16.674260139465332
17.178459560169895
16.32287994085574
15.09627000023337
13.284506031111174
14.02142973507152
14.106361501357135
14.38720895729813
14.694748037001666
16.215949881310557
17.540848451502182
15.559207317875881
14.28868221769146
17.766834090737735
16.59234613530776
14.365183119680367
18.055604242811015
16.920761631984337
15.864078764821969
19.91736391478894
19.160628748875038
17.818216024660597
16.994077158909217
17.29908791710349
17.022702647190467
16.310152334325455
19.18359260933072
19.17618891772102
18.406076786564846
19.202349700179756
18.972183638927984
17.802837259629193
18.514424006144207
16.905829784916897
17.817804635739794
19.749376483992034
16.4429692661061
22.85107363906561
19.61635097802854
19.159778277079266
19.996447563171387
19.014483919330672
21.317717309091606
18.79641486149208
18.23440289964863
23.482792330723182
24.126437598583745
25.068782694199506
27.75188595640893
25.934772902844
30.411740695728977
28.673636586058375
30.10176909203623
29.003835004918717
27.71541176590265
29.35411599103142
26.806991651946422
31.0745937870998
29.446001894333783
30.15023364272772
24.828494165457933
31.487138224583045
31.867607789881088
30.1961404950011
29.766059482798855
30.13223762138217
25.200085097668218
30.764545309777354
30.258576337028952
29.33782771989411
29.727294267392626
28.18392495548024
28.747664320702647
29.90242473751891
29.300071847205068
26.56196730744605
26.738987941367952
24.571326442793303
25.339509608698826
30.291516304016113
25.17083168029785
